SCALE = 2.0
OFFSET_X = 76.2804522469508
OFFSET_Y = 55.81548637751302
VIEW_SCALE = 110
VIEW_CENTER_X = -3.7280455761477556
VIEW_CENTER_Y = 1.6661868938580282
