SCALE = 1.365
OFFSET_X = 0.9968155797368181
OFFSET_Y = 0.5935824206155622
VIEW_SCALE = 46
VIEW_CENTER_X = -4.147875578970515
VIEW_CENTER_Y = 1.6675558459769175
