SCALE = 6.2
OFFSET_X = 0.36593744331854416
OFFSET_Y = 0.17198223978127922
