SCALE = 1.315
OFFSET_X = 0.6152992432262213
OFFSET_Y = 0.4936163170680578
VIEW_SCALE = 46
VIEW_CENTER_X = -3.2710031349249573
VIEW_CENTER_Y = 2.041509266005412
