SCALE = 1.44
OFFSET_X = 10.826536206231662
OFFSET_Y = 18.20387712613563
VIEW_SCALE = 6
VIEW_CENTER_X = -2.1776051050190124
VIEW_CENTER_Y = 2.2237422709897365
